10

Swampert 1
175 143 110 94 110 80
2 8
5 10 21 24 26 27 32 51

Mareep 2
165 95 105 135 110 75
4 0
17 18 19 23 33 38 40 48

Greninja 3
147 126 87 123 91 142
2 15
2 4 21 24 26 30 31 46

Meloetta 4
175 97 97 148 148 110
0 10
1 2 9 14 25 28 37 38 

Ferrothorn 5
149 114 166 66 136 40
3 16
3 8 14 15 18 22 49 51

Fluttermane 6
130 75 75 155 155 155
13 17
9 17 25 42 47 48 52 53

Volcarona 7
160 80 85 155 125 120
11 1
14 25 28 31 33 39 40 42

Kyurem 8
200 150 110 150 110 115
14 5
4 10 11 19 24 41 44 45 

Toxicroak 9
158 138 85 95 85 105
7 6
0 20 24 26 30 32 46 47

Minior 10
135 120 80 120 80 140
12 9
8 9 23 35 36 32 34 37