Normal 1
1 1 1 1 1 1 1 1 1 1 1 1 0.5 0 1 1 0.5 1
Fogo 2
1 0.5 0.5 2 1 2 1 1 1 1 1 2 0.5 1 0.5 1 2 1
Água 3
1 2 0.5 0.5 1 1 1 1 2 1 1 1 2 1 0.5 1 1 1
Grama 4
1 0.5 2 0.5 1 1 1 0.5 2 0.5 1 0.5 2 1 0.5 1 0.5 1
Elétrico 5
1 1 2 0.5 0.5 1 1 1 0 2 1 1 1 1 0.5 1 1 1
Gelo 6
1 0.5 0.5 2 1 0.5 1 1 2 2 1 1 1 1 2 1 0.5 1
Lutador 7
2 1 1 1 1 2 1 0.5 1 0.5 0.5 0.5 2 0 1 2 2 0.5
Veneno 8
1 1 1 2 1 1 1 0.5 0.5 1 1 1 0.5 0.5 1 1 0 2
Solo 9
1 2 1 0.5 2 1 1 2 1 0 1 0.5 2 1 1 1 2 1
Voador 10
1 1 1 2 0.5 1 2 1 1 1 1 2 0.5 1 1 1 0.5 1
Psíquico 11
1 1 1 1 1 1 2 2 1 1 0.5 1 1 1 1 0 0.5 1
Inseto 12
1 0.5 1 2 1 1 0.5 0.5 1 0.5 2 1 1 0.5 1 2 0.5 0.5
Pedra 13
1 2 1 1 1 2 0.5 1 0.5 2 1 2 1 1 1 1 0.5 1
Fantasma 14
0 1 1 1 1 1 1 1 1 1 2 1 1 2 1 0.5 1 1
Dragão 15
1 1 1 1 1 1 1 1 1 1 1 1 1 1 2 1 0.5 0
Escuridão 16
1 1 1 1 1 1 0.5 1 1 1 2 1 1 2 1 0.5 1 0.5
Aço 17
1 0.5 0.5 1 0.5 2 1 1 1 1 1 1 2 1 1 1 0.5 2
Fada 18
1 0.5 1 1 1 1 2 0.5 1 1 1 1 1 1 2 2 0.5 1